TID Lib Viability Chr HeTA TAHRE blood burdock Gene Synonym mean_col status tag1 tag2 tag3 tag4
102407 KK viable 2 -5.258578811853279 -5.121032129019037 -4.359729891870427 -3.3669669533664557 CG10473 Acn -4.5265769465273 4 1 1 1 1
100497 KK viable 2 -3.7817826118132287 -5.032504945785812 -4.638462845010846 -4.637708730949088 CG9252 del -4.522614783389743 4 1 1 1 1
101017 KK viable 2 -4.2902598224751305 -5.136133604510518 -4.601781194180608 -3.2741340531784595 CG4711 squ -4.325577168586179 4 1 1 1 1
100907 KK viable 2 -4.463118916999795 -5.022051284088002 -4.425880451339991 -3.039058462149717 CG11254 mael -4.237527278644376 4 1 1 1 1
100835 KK viable 2 -4.260951880983171 -4.909085278961032 -4.494393901690917 -3.2734811948253504 CG13190 cuff -4.234478064115118 4 1 1 1 1
105875 KK viable 2 -3.7111706221590746 -4.901314891676817 -4.2204156806116835 -4.017550564137829 CG13741 CG13741 -4.212612939646351 4 1 1 1 1
110430 KK viable 2 -3.5407196977193722 -6.388642684866055 -4.009670073062212 -2.740199392171819 CG12314 zuc -4.169807961954865 4 1 1 1 1
108978 KK viable 2 -4.164612325711537 -5.8750212564102435 -3.744741546770549 -2.796155245523813 CG12721 CG12721 -4.1451325936040355 4 1 1 1 1
13762 GD viable 2 -4.292455388118179 -5.061113047044031 -4.73212021134733 -2.3473987946824306 CG2183 CG2183 -4.108271860297992 4 1 1 1 1
102702 KK viable 2 -4.049651676202008 -4.7459366824183675 -4.221852917680757 -3.3958350789810816 CG9754 CG9754 -4.1033190888205535 4 1 1 1 1
103264 KK viable 2 -3.9532466383447598 -5.214792855651051 -4.10333497124827 -3.0791015115061966 CG8589 tej -4.08761899418757 4 1 1 1 1
101676 KK viable 2 -4.400409338550293 -5.022413595410242 -3.445499360542489 -3.213538817780776 CG4118 nxf2 -4.02046527807095 4 1 1 1 1
101658 KK viable 2 -4.012653316594568 -5.014510545653157 -3.776872717155444 -3.217866231207478 CG6122 piwi -4.005475702652662 4 1 1 1 1
101259 KK viable 2 -4.424449426929702 -4.4477640453392695 -3.296695559086372 -3.7691209560808963 CG10655 l(2)37Bb -3.98450749685906 4 1 1 1 1
8591 GD viable 3 -3.9811873243342997 -5.749102715650073 -4.1492087655627845 -2.0230495459982816 CG10880 CG10880 -3.97563708788636 4 1 1 1 1
104650 KK viable 2 -4.211972223699286 -5.2301588499964655 -3.0649548474819803 -3.1571832296480573 CG6611 ect -3.916067287706447 4 1 1 1 1
106613 KK viable 2 -3.401877407465656 -3.8572525366590695 -4.032511239489514 -4.186603414510957 CG1737 CG1737 -3.8695611495312994 4 1 1 1 1
103913 KK viable 2 -3.8168736633557185 -4.563484703574462 -3.876111763807218 -3.1640501345216636 CG3158 spn-E -3.855130066314765 4 1 1 1 1
100109 KK viable 2 -3.747178023141971 -5.174674707307547 -3.6241919852207785 -2.7244339289320036 CG14438 CG14438 -3.817619661150575 4 1 1 1 1
101620 KK viable 2 -3.4253143568780184 -2.8507283412503 -4.307801616742436 -4.660137622387334 CG10683 rhi -3.8109954843145224 4 1 1 1 1
105832 KK viable 2 -3.6727075762974706 -4.374279835196061 -3.950388454833108 -3.1320054564577586 CG4735 shu -3.7823453306960997 4 1 1 1 1
103589 KK viable 2 -4.199091349309459 -4.480451913889451 -3.930861164293226 -2.2228495055543895 CG11513 armi -3.708313483261631 4 1 1 1 1
103427 KK lethal 2 -3.251794768842715 -4.073124009506871 -3.3618086027563674 -3.9324471168810162 CG43081 vas -3.6547936244967425 4 1 1 1 1
108940 KK viable 2 -4.497638324066027 -4.746400799256966 -4.8775876411235854 -0.18422535095660103 CG7504 CG7504 -3.5764630288507946 3 1 1 1 1
101134 KK viable 2 -3.5086982518385996 -3.6091547571252844 -3.9494546358919904 -3.1592808546294493 CG4771 vret -3.556647124871331 4 1 1 1 1
26171 GD viable 3 -3.5380810936629272 -4.376003281187012 -3.5807204531960477 -2.493209211696375 CG3362 CG3362 -3.4970035099355905 4 1 1 1 1
110598 KK viable 2 -2.957812041892912 -3.121417179360878 -4.0801872425561525 -3.196805707891376 CG5499 His2Av -3.3390555429253297 4 1 1 1 1
106999 KK viable 2 -3.1596181976129545 -3.4793681703083936 -3.525723248259963 -2.4560254961229684 CG6137 aub -3.15518377807607 4 1 1 1 1
103776 KK viable 2 -4.944347341044793 -6.219953927573595 -1.109831369282727 -0.34351258136336 CG4634 Nurf-38 -3.1544113048161186 2 1 1 1 1
100204 KK viable 2 -3.465160427083045 -3.769828313601347 -2.9986824825771947 -2.24296100473311 CG10267 Zif -3.1191580569986743 4 1 1 1 1
110316 KK viable 2 -3.5957361581286613 -3.8385998511915878 -2.841579699353684 -1.8701911021826132 CG7429 CG7429 -3.0365267027141365 3 1 1 1 1
104471 KK viable 2 -3.956231984718371 -4.093992003542251 -1.816480738977209 -1.90509837949281 CG1101 Aly -2.94295077668266 2 1 1 1 1
19573 GD sterile 3 -3.064194891346754 -3.891369672215898 -2.765900886349803 -1.9420520913644408 CG15717 CG15717 -2.915879385319224 3 1 1 1 1
102621 KK viable 2 -3.56781200060543 -3.286494451062831 -4.794811390573782 0.3091442965900839 CG4415 CG4415 -2.83499338641299 3 1 1 1 1
109331 KK viable 2 -3.1336915762684465 -2.990191453570988 -3.986050210912859 -0.9002715680015178 CG11133 BoYb -2.7525512021884526 3 1 1 1 1
40480 GD viable 3 -2.9795324260764913 -3.2909372725327986 -4.077838055335058 -0.6484615371890573 CG3893 CG3893 -2.7491923227833515 3 1 1 1 1
104114 KK viable 2 -2.756677409789075 -1.859678460718388 -4.610029088844227 -1.751894383500406 CG32135 Nxf3 -2.744569835713024 2 1 1 1 1
1316 GD viable 2 -2.89062100649121 -2.695273898257097 -3.896252890042224 -1.2045082516544523 CG5508 CG5508 -2.671664011611246 3 1 1 1 1
110461 KK viable 2 -2.9914583794885243 -2.853795867336345 -2.6998571241052765 -2.1255758223157852 CG12892 Caf1-105 -2.6676717983114826 4 1 1 1 1
6557 GD viable 3 -2.452115719647369 -2.5175701248320457 -2.0832422439440976 -3.4517976648667226 CG8581 fra -2.6261814383225586 4 1 1 1 1
105719 KK viable 2 -2.7901933761111573 -2.9119418772102943 -3.1011464809385747 -1.6845632169427776 CG12340 wde -2.621961237800701 3 1 1 1 1
109454 KK viable 2 -2.3461277114952233 -3.0118717874404326 -1.9807813905985034 -3.1331566258344514 CG4637 hh -2.6179843788421526 3 1 1 1 1
108960 KK viable 2 -3.0115602463677127 -3.118916356350921 -3.9048944096889775 -0.4306347571356928 CG5163 TfIIA-S -2.616501442385826 3 1 1 1 1
110433 KK viable 2 -2.465427485527965 -3.1456007777445136 -2.023213547434884 -2.762105607241843 CG10726 barr -2.599086854487301 4 1 1 1 1
109408 KK viable 2 -3.995456813813723 -4.524297539619385 -0.6967030150210393 -0.8215263843266472 CG1972 IntS11 -2.5094959381951987 2 1 1 1 1
109697 KK viable 2 -2.429721907078191 -2.6092381852585405 -2.773952907819213 -2.1457398934467693 CG1677 CG1677 -2.4896632234006786 4 1 1 1 1
105977 KK viable 2 -3.046188742704328 -3.4348432957831694 -2.5040258345731883 -0.8756982763324536 CG6842 Vps4 -2.465189037348285 3 1 1 1 1
106139 KK viable 2 -3.880942764772967 -4.2582545533976495 -2.1420054518340224 0.4360668022135281 CG5585 CG5585 -2.4612839919477776 3 1 1 1 1
24740 GD viable 3 -2.21821394431102 -2.6220223127451225 -2.1401056565584744 -2.6274315790026934 CG32346 E(bx) -2.4019433731543276 4 1 1 1 1
45484 GD viable 2 -1.9382103593002815 -2.4515874894526366 -2.449743685084417 -2.762486778986183 CG6199 Plod -2.4005070782058797 3 1 1 1 1
108017 KK viable 2 -2.2135394994903566 -2.186066626333959 -3.2818940099898666 -1.9100902557150619 CG1135 Rcd5 -2.397897597882311 3 1 1 1 1
110573 KK viable 2 -1.8627123323351937 -3.457221273330687 -1.4912031136574058 -2.688682567130965 CG4938 Aats-ser -2.3749548216135627 2 1 1 1 1
106344 KK viable 2 -4.147526877062125 -4.427370680968216 -0.5579187739736251 -0.1595989597964622 CG7843 Ars2 -2.323103822950107 2 1 1 1 1
108882 KK viable 2 -2.2239015421594495 -2.4849264362116195 -1.917668627832104 -2.376942791723998 CG8900 RpS18 -2.2508598494817926 3 1 1 1 1
102156 KK viable 2 -5.734680777199549 -6.580372084216506 0.7054369713559445 2.6291330497249525 CG5694 CG5694 -2.2451207100837896 2 1 1 1 1
23680 GD viable 3 -2.085767189507595 -2.6174807670235327 -1.5336729797259194 -2.701271754851326 CG8627 Dbi -2.2345481727770933 3 1 1 1 1
101837 KK viable 2 -2.157683165141198 -2.008744624054514 -1.6647883149609393 -2.9171634453113295 CG3847 CG3847 -2.187094887366995 3 1 1 1 1
100380 KK viable 2 -3.141637886880972 -2.160163172751339 -3.4443645214138243 0.04254189555142584 CG13924 CG13924 -2.1759059213736776 3 1 1 1 1
102792 KK viable 2 -3.296767846276581 -3.569983805860491 -1.099933821894372 -0.6684461500572815 CG13807 CG13807 -2.1587829060221813 2 1 1 1 1
24248 GD viable 3 -2.869018842846874 -2.9770622884861395 -2.1458166432217802 -0.6054381841661913 CG8233 Rcd1 -2.149333989680246 3 1 1 1 1
107177 KK viable 2 -2.0969622598335014 -2.285714495277844 -1.9506052506690137 -2.2596889356331595 CG3201 Mlc-c -2.1482427353533797 3 1 1 1 1
31340 GD viable 2 -1.8117072433816281 -2.2112134085414037 -1.9155591375139491 -2.6342538231965595 CG10741 CG10741 -2.143183403158385 2 1 1 1 1
103710 KK viable 2 -2.4489986122489507 -2.1642943169658446 -1.7522811550097916 -2.191316284858978 CG10228 Pcf11 -2.139222592270891 3 1 1 1 1
25317 GD viable 2 -3.2581594138386754 -2.619097106442383 -2.586662092541444 -0.09039498961599296 CG32505 Pp4-19C -2.1385784006096236 3 1 1 1 1
13178 GD lethal 3 -1.6705855594957881 -2.077921719644442 -2.531699025968018 -2.2358386769118423 CG12157 Tom40 -2.1290112455050227 3 1 1 1 1
107262 KK viable 2 -1.9271241667257002 -2.408607335645905 -2.1086557344174452 -2.0012284993502147 CG13645 Nmnat -2.1114039340348163 3 1 1 1 1
100565 KK viable 2 -1.7050587976766716 -1.845987088013205 -2.1174197431212822 -2.748322408988205 CG7664 crp -2.104197009449841 2 1 1 1 1
100952 KK viable 2 -3.212033012475436 -2.498908086571459 -3.0389616965552544 0.3355883655461994 CG32575 hang -2.1035786075139877 3 1 1 1 1
25248 GD viable 3 -1.550288315475601 -2.085468335094564 -4.2782217305453925 -0.4935969863488328 CG17293 CG17293 -2.1018938418660977 2 1 1 1 1
25427 GD sterile 3 -2.322893637361028 -2.2002769792252943 -2.046432940966862 -1.7536745338066067 CG2677 eIF2B-beta -2.0808195228399478 3 1 1 1 1
51851 GD viable 2 -2.7451086806433183 -1.9917203187203456 -1.818855801224586 -1.7669252062579162 CG16788 RnpS1 -2.0806525017115414 1 1 1 0 1
24534 GD viable 3 -2.822048343691231 -3.2402635707241725 -1.320669714784277 -0.925327539780324 CG1244 MEP-1 -2.077077292245001 2 1 1 1 1
100082 KK viable 2 -3.9481098083207953 -4.489924560734924 -0.23335725069278015 0.47067582873317493 CG4616 FLASH -2.0501789477538312 2 1 1 1 1
27097 GD viable 3 -1.8950189670321285 -2.370247034667596 -1.8950308394152529 -1.939487330864639 CG11282 caps -2.024946042994904 1 1 1 0 1
