TID Lib Viability Chr HeTA TAHRE blood burdock Gene Synonym mean_col status tag1 tag2 tag3 tag4
102407 KK viable 2 -5.258578811853279 -5.121032129019037 -4.359729891870427 -3.3669669533664557 CG10473 Acn -4.5265769465273 4 1 1 1 1
100497 KK viable 2 -3.7817826118132287 -5.032504945785812 -4.638462845010846 -4.637708730949088 CG9252 del -4.522614783389743 4 1 1 1 1
101017 KK viable 2 -4.2902598224751305 -5.136133604510518 -4.601781194180608 -3.2741340531784595 CG4711 squ -4.325577168586179 4 1 1 1 1
100907 KK viable 2 -4.463118916999795 -5.022051284088002 -4.425880451339991 -3.039058462149717 CG11254 mael -4.237527278644376 4 1 1 1 1
100835 KK viable 2 -4.260951880983171 -4.909085278961032 -4.494393901690917 -3.2734811948253504 CG13190 cuff -4.234478064115118 4 1 1 1 1
105875 KK viable 2 -3.7111706221590746 -4.901314891676817 -4.2204156806116835 -4.017550564137829 CG13741 CG13741 -4.212612939646351 4 1 1 1 1
110430 KK viable 2 -3.5407196977193722 -6.388642684866055 -4.009670073062212 -2.740199392171819 CG12314 zuc -4.169807961954865 4 1 1 1 1
108978 KK viable 2 -4.164612325711537 -5.8750212564102435 -3.744741546770549 -2.796155245523813 CG12721 CG12721 -4.1451325936040355 4 1 1 1 1
13762 GD viable 2 -4.292455388118179 -5.061113047044031 -4.73212021134733 -2.3473987946824306 CG2183 CG2183 -4.108271860297992 4 1 1 1 1
102702 KK viable 2 -4.049651676202008 -4.7459366824183675 -4.221852917680757 -3.3958350789810816 CG9754 CG9754 -4.1033190888205535 4 1 1 1 1
103264 KK viable 2 -3.9532466383447598 -5.214792855651051 -4.10333497124827 -3.0791015115061966 CG8589 tej -4.08761899418757 4 1 1 1 1
101676 KK viable 2 -4.400409338550293 -5.022413595410242 -3.445499360542489 -3.213538817780776 CG4118 nxf2 -4.02046527807095 4 1 1 1 1
101658 KK viable 2 -4.012653316594568 -5.014510545653157 -3.776872717155444 -3.217866231207478 CG6122 piwi -4.005475702652662 4 1 1 1 1
101259 KK viable 2 -4.424449426929702 -4.4477640453392695 -3.296695559086372 -3.7691209560808963 CG10655 l(2)37Bb -3.98450749685906 4 1 1 1 1
8591 GD viable 3 -3.9811873243342997 -5.749102715650073 -4.1492087655627845 -2.0230495459982816 CG10880 CG10880 -3.97563708788636 4 1 1 1 1
104650 KK viable 2 -4.211972223699286 -5.2301588499964655 -3.0649548474819803 -3.1571832296480573 CG6611 ect -3.916067287706447 4 1 1 1 1
106613 KK viable 2 -3.401877407465656 -3.8572525366590695 -4.032511239489514 -4.186603414510957 CG1737 CG1737 -3.8695611495312994 4 1 1 1 1
103913 KK viable 2 -3.8168736633557185 -4.563484703574462 -3.876111763807218 -3.1640501345216636 CG3158 spn-E -3.855130066314765 4 1 1 1 1
100109 KK viable 2 -3.747178023141971 -5.174674707307547 -3.6241919852207785 -2.7244339289320036 CG14438 CG14438 -3.817619661150575 4 1 1 1 1
101620 KK viable 2 -3.4253143568780184 -2.8507283412503 -4.307801616742436 -4.660137622387334 CG10683 rhi -3.8109954843145224 4 1 1 1 1
105832 KK viable 2 -3.6727075762974706 -4.374279835196061 -3.950388454833108 -3.1320054564577586 CG4735 shu -3.7823453306960997 4 1 1 1 1
103589 KK viable 2 -4.199091349309459 -4.480451913889451 -3.930861164293226 -2.2228495055543895 CG11513 armi -3.708313483261631 4 1 1 1 1
103427 KK lethal 2 -3.251794768842715 -4.073124009506871 -3.3618086027563674 -3.9324471168810162 CG43081 vas -3.6547936244967425 4 1 1 1 1
108940 KK viable 2 -4.497638324066027 -4.746400799256966 -4.8775876411235854 -0.18422535095660103 CG7504 CG7504 -3.5764630288507946 3 1 1 1 1
101134 KK viable 2 -3.5086982518385996 -3.6091547571252844 -3.9494546358919904 -3.1592808546294493 CG4771 vret -3.556647124871331 4 1 1 1 1
26171 GD viable 3 -3.5380810936629272 -4.376003281187012 -3.5807204531960477 -2.493209211696375 CG3362 CG3362 -3.4970035099355905 4 1 1 1 1
110598 KK viable 2 -2.957812041892912 -3.121417179360878 -4.0801872425561525 -3.196805707891376 CG5499 His2Av -3.3390555429253297 4 1 1 1 1
106999 KK viable 2 -3.1596181976129545 -3.4793681703083936 -3.525723248259963 -2.4560254961229684 CG6137 aub -3.15518377807607 4 1 1 1 1
103776 KK viable 2 -4.944347341044793 -6.219953927573595 -1.109831369282727 -0.34351258136336 CG4634 Nurf-38 -3.1544113048161186 2 1 1 1 1
100204 KK viable 2 -3.465160427083045 -3.769828313601347 -2.9986824825771947 -2.24296100473311 CG10267 Zif -3.1191580569986743 4 1 1 1 1
110316 KK viable 2 -3.5957361581286613 -3.8385998511915878 -2.841579699353684 -1.8701911021826132 CG7429 CG7429 -3.0365267027141365 3 1 1 1 1
104471 KK viable 2 -3.956231984718371 -4.093992003542251 -1.816480738977209 -1.90509837949281 CG1101 Aly -2.94295077668266 2 1 1 1 1
19573 GD sterile 3 -3.064194891346754 -3.891369672215898 -2.765900886349803 -1.9420520913644408 CG15717 CG15717 -2.915879385319224 3 1 1 1 1
102621 KK viable 2 -3.56781200060543 -3.286494451062831 -4.794811390573782 0.3091442965900839 CG4415 CG4415 -2.83499338641299 3 1 1 1 1
109331 KK viable 2 -3.1336915762684465 -2.990191453570988 -3.986050210912859 -0.9002715680015178 CG11133 BoYb -2.7525512021884526 3 1 1 1 1
40480 GD viable 3 -2.9795324260764913 -3.2909372725327986 -4.077838055335058 -0.6484615371890573 CG3893 CG3893 -2.7491923227833515 3 1 1 1 1
104114 KK viable 2 -2.756677409789075 -1.859678460718388 -4.610029088844227 -1.751894383500406 CG32135 Nxf3 -2.744569835713024 2 1 1 1 1
1316 GD viable 2 -2.89062100649121 -2.695273898257097 -3.896252890042224 -1.2045082516544523 CG5508 CG5508 -2.671664011611246 3 1 1 1 1
110461 KK viable 2 -2.9914583794885243 -2.853795867336345 -2.6998571241052765 -2.1255758223157852 CG12892 Caf1-105 -2.6676717983114826 4 1 1 1 1
6557 GD viable 3 -2.452115719647369 -2.5175701248320457 -2.0832422439440976 -3.4517976648667226 CG8581 fra -2.6261814383225586 4 1 1 1 1
105719 KK viable 2 -2.7901933761111573 -2.9119418772102943 -3.1011464809385747 -1.6845632169427776 CG12340 wde -2.621961237800701 3 1 1 1 1
109454 KK viable 2 -2.3461277114952233 -3.0118717874404326 -1.9807813905985034 -3.1331566258344514 CG4637 hh -2.6179843788421526 3 1 1 1 1
108960 KK viable 2 -3.0115602463677127 -3.118916356350921 -3.9048944096889775 -0.4306347571356928 CG5163 TfIIA-S -2.616501442385826 3 1 1 1 1
110433 KK viable 2 -2.465427485527965 -3.1456007777445136 -2.023213547434884 -2.762105607241843 CG10726 barr -2.599086854487301 4 1 1 1 1
109408 KK viable 2 -3.995456813813723 -4.524297539619385 -0.6967030150210393 -0.8215263843266472 CG1972 IntS11 -2.5094959381951987 2 1 1 1 1
109697 KK viable 2 -2.429721907078191 -2.6092381852585405 -2.773952907819213 -2.1457398934467693 CG1677 CG1677 -2.4896632234006786 4 1 1 1 1
105977 KK viable 2 -3.046188742704328 -3.4348432957831694 -2.5040258345731883 -0.8756982763324536 CG6842 Vps4 -2.465189037348285 3 1 1 1 1
106139 KK viable 2 -3.880942764772967 -4.2582545533976495 -2.1420054518340224 0.4360668022135281 CG5585 CG5585 -2.4612839919477776 3 1 1 1 1
24740 GD viable 3 -2.21821394431102 -2.6220223127451225 -2.1401056565584744 -2.6274315790026934 CG32346 E(bx) -2.4019433731543276 4 1 1 1 1
45484 GD viable 2 -1.9382103593002815 -2.4515874894526366 -2.449743685084417 -2.762486778986183 CG6199 Plod -2.4005070782058797 3 1 1 1 1
108017 KK viable 2 -2.2135394994903566 -2.186066626333959 -3.2818940099898666 -1.9100902557150619 CG1135 Rcd5 -2.397897597882311 3 1 1 1 1
110573 KK viable 2 -1.8627123323351937 -3.457221273330687 -1.4912031136574058 -2.688682567130965 CG4938 Aats-ser -2.3749548216135627 2 1 1 1 1
106344 KK viable 2 -4.147526877062125 -4.427370680968216 -0.5579187739736251 -0.1595989597964622 CG7843 Ars2 -2.323103822950107 2 1 1 1 1
108882 KK viable 2 -2.2239015421594495 -2.4849264362116195 -1.917668627832104 -2.376942791723998 CG8900 RpS18 -2.2508598494817926 3 1 1 1 1
102156 KK viable 2 -5.734680777199549 -6.580372084216506 0.7054369713559445 2.6291330497249525 CG5694 CG5694 -2.2451207100837896 2 1 1 1 1
23680 GD viable 3 -2.085767189507595 -2.6174807670235327 -1.5336729797259194 -2.701271754851326 CG8627 Dbi -2.2345481727770933 3 1 1 1 1
101837 KK viable 2 -2.157683165141198 -2.008744624054514 -1.6647883149609393 -2.9171634453113295 CG3847 CG3847 -2.187094887366995 3 1 1 1 1
100380 KK viable 2 -3.141637886880972 -2.160163172751339 -3.4443645214138243 0.04254189555142584 CG13924 CG13924 -2.1759059213736776 3 1 1 1 1
102792 KK viable 2 -3.296767846276581 -3.569983805860491 -1.099933821894372 -0.6684461500572815 CG13807 CG13807 -2.1587829060221813 2 1 1 1 1
24248 GD viable 3 -2.869018842846874 -2.9770622884861395 -2.1458166432217802 -0.6054381841661913 CG8233 Rcd1 -2.149333989680246 3 1 1 1 1
107177 KK viable 2 -2.0969622598335014 -2.285714495277844 -1.9506052506690137 -2.2596889356331595 CG3201 Mlc-c -2.1482427353533797 3 1 1 1 1
31340 GD viable 2 -1.8117072433816281 -2.2112134085414037 -1.9155591375139491 -2.6342538231965595 CG10741 CG10741 -2.143183403158385 2 1 1 1 1
103710 KK viable 2 -2.4489986122489507 -2.1642943169658446 -1.7522811550097916 -2.191316284858978 CG10228 Pcf11 -2.139222592270891 3 1 1 1 1
25317 GD viable 2 -3.2581594138386754 -2.619097106442383 -2.586662092541444 -0.09039498961599296 CG32505 Pp4-19C -2.1385784006096236 3 1 1 1 1
13178 GD lethal 3 -1.6705855594957881 -2.077921719644442 -2.531699025968018 -2.2358386769118423 CG12157 Tom40 -2.1290112455050227 3 1 1 1 1
107262 KK viable 2 -1.9271241667257002 -2.408607335645905 -2.1086557344174452 -2.0012284993502147 CG13645 Nmnat -2.1114039340348163 3 1 1 1 1
100565 KK viable 2 -1.7050587976766716 -1.845987088013205 -2.1174197431212822 -2.748322408988205 CG7664 crp -2.104197009449841 2 1 1 1 1
100952 KK viable 2 -3.212033012475436 -2.498908086571459 -3.0389616965552544 0.3355883655461994 CG32575 hang -2.1035786075139877 3 1 1 1 1
25248 GD viable 3 -1.550288315475601 -2.085468335094564 -4.2782217305453925 -0.4935969863488328 CG17293 CG17293 -2.1018938418660977 2 1 1 1 1
25427 GD sterile 3 -2.322893637361028 -2.2002769792252943 -2.046432940966862 -1.7536745338066067 CG2677 eIF2B-beta -2.0808195228399478 3 1 1 1 1
51851 GD viable 2 -2.7451086806433183 -1.9917203187203456 -1.818855801224586 -1.7669252062579162 CG16788 RnpS1 -2.0806525017115414 1 1 1 0 1
24534 GD viable 3 -2.822048343691231 -3.2402635707241725 -1.320669714784277 -0.925327539780324 CG1244 MEP-1 -2.077077292245001 2 1 1 1 1
100082 KK viable 2 -3.9481098083207953 -4.489924560734924 -0.23335725069278015 0.47067582873317493 CG4616 FLASH -2.0501789477538312 2 1 1 1 1
27097 GD viable 3 -1.8950189670321285 -2.370247034667596 -1.8950308394152529 -1.939487330864639 CG11282 caps -2.024946042994904 1 1 1 0 1
101494 KK viable 2 -1.6757744108916819 -2.788606692807452 -0.4007380169299138 -3.1328133558836275 CG6476 Su(var)3-9 -1.9994831191281688 2 0 1 1 1
17474 GD sterile 3 -2.195768876935801 -2.3465113724374134 -2.2965301733560497 -1.1488820779427438 CG14303 CG14303 -1.996923125168002 3 0 1 1 1
108459 KK viable 2 -3.8403085445827543 -4.539116972980769 -0.36322141222476517 0.766164218179713 CG12372 spt4 -1.9941206779021439 2 0 1 1 1
107313 KK viable 2 -2.912328282450972 -1.4847303084903691 -2.76276982431849 -0.799355176401225 CG7583 CtBP -1.989795897915264 2 0 1 1 1
47745 GD viable 3 -2.130667365287604 -2.3503740045651917 -1.4363424160567737 -2.035141508039357 CG8542 Hsc70-5 -1.9881313234872318 3 0 1 1 1
40929 GD viable 3 -1.7846249128647076 -1.8812357066795542 -2.285757878100162 -1.9175029628261853 CG18039 KaiRIA -1.9672803651176523 1 0 1 0 1
28132 GD viable 2 -1.589399751303772 -1.7213436379931049 -2.710554176482697 -1.828373143664977 CG9401 mago -1.9624176773611377 1 0 1 0 1
103202 KK sterile 2 -1.9326316117656868 -1.9412110338164248 -1.6849746487814763 -2.219977444904552 CG9476 alphaTub85E -1.944698684817035 1 0 1 0 1
20995 GD viable 3 -3.2251891156301675 -3.4323008022384314 -0.4834694735904531 -0.6153386613925943 CG5965 woc -1.9390745132129115 2 0 1 1 1
103729 KK viable 2 -1.8139769024001235 -2.4660230326267514 -1.3164781373658248 -2.1412966167599987 CG16721 CG16721 -1.9344436722881746 2 0 1 1 1
24704 GD lethal 2 -1.6972733821168928 -1.849989075476652 -2.148453446690222 -2.028302547990825 CG6546 Bap55 -1.931004613068648 2 0 1 1 1
104408 KK viable 2 -1.3355544143279086 -1.6721818165783078 -2.0327123340384534 -2.6673642067077172 CG6321 CG6321 -1.9269531929130967 2 0 1 1 1
105138 KK viable 2 -3.6231226344218177 -3.7557991806982636 -0.7354529766155847 0.4523259616931924 CG9536 CG9536 -1.9155122075106183 2 0 1 1 1
106684 KK viable 2 -1.8307416998955077 -2.6297660720923193 -3.4740576787566573 0.28639615484991393 CG31212 Ino80 -1.9120423239736426 2 0 1 1 1
110173 KK viable 2 -2.8813406530117374 -3.1516938550060907 -1.8516032878425326 0.2439446952618735 CG7528 Uba2 -1.9101732751496219 2 0 1 1 1
26104 GD viable 3 -3.403625440504279 -2.9151932163805583 -3.027684137656976 1.7322755521123399 CG7574 bip1 -1.9035568106073684 3 0 1 1 1
110767 KK viable 2 -4.388692711053952 -4.666838879244933 -0.72261868027262 2.1806252137721347 CG7425 eff -1.8993812641998427 2 0 1 1 1
100118 KK viable 2 -3.150925833653299 -3.413747615743398 -1.2687442314767408 0.2674766272863092 CG14962 CG14962 -1.891485263396782 2 0 1 1 1
47852 GD viable 3 -1.5021617957745748 -2.2183091849164276 -1.508174335507214 -2.3183981429085594 CG11878 CG11878 -1.886760864776694 2 0 1 1 1
22578 GD viable 2 -1.6126105352891928 -1.5493983784908956 -2.27426554272196 -2.108174254346183 CG7845 CG7845 -1.886112177712058 2 0 1 1 1
103650 KK viable 2 -2.0076649008010654 -1.8758565411705588 -0.9942047461051349 -2.6191584277924473 CG5057 MED10 -1.8742211539673015 2 0 1 1 1
9055 GD viable 3 -1.594020158642201 -1.728305824304175 -2.4342775887396986 -1.7393391668722926 CG2358 twr -1.8739856846395917 1 0 1 0 1
22288 GD viable 3 -2.4203441176581446 -2.6724479296396626 -1.3625972255319776 -1.0198945955120606 CG6189 l(1)1Bi -1.8688209670854614 2 0 1 1 1
47256 GD viable 2 -2.7216038937078046 -2.359492354146119 -1.4274714390663574 -0.9280603926410161 CG12276 Aos1 -1.8591570198903242 2 0 1 1 1
103213 KK viable 2 -1.3458650629795694 -1.357255073004051 -2.882399229736609 -1.8371697471714539 CG43224 mun -1.8556722782229207 1 0 1 0 1
106466 KK viable 2 -3.7647338882363353 -0.09862798709269469 -2.4296116593009707 -1.113203331123942 CG2163 Pabp2 -1.8515442164384857 2 0 1 1 1
106144 KK viable 2 -2.1719357302839755 -1.8903514798334675 -1.3972684862931726 -1.9457538862710815 CG6094 CG6094 -1.8513273956704244 1 0 1 0 1
103587 KK viable 2 -1.9674099887454235 -1.3803158310860855 -1.8765156494017678 -2.1774689866001298 CG1420 Slu7 -1.8504276139583515 1 0 1 0 1
110402 KK viable 2 -1.9170241953815206 -1.0697901718412604 -2.118477702109646 -2.2732173373019604 CG3344 CG3344 -1.844627351658597 2 0 1 1 1
100296 KK viable 2 -1.9786604879300154 -1.8553035555628785 -1.1369396245811132 -2.4054197264588177 CG5373 Pi3K59F -1.8440808486332063 1 0 1 0 1
106853 KK viable 2 -1.9569908051467784 -2.3576147327575123 -1.5173542597203713 -1.528848772169588 CG4946 Mob3 -1.8402021424485624 1 0 1 0 1
12581 GD viable 2 -2.3598639442765665 -1.970812144497532 -1.7900606709919964 -1.2235558865741556 CG8151 Tfb1 -1.8360731615850625 1 0 1 0 1
16012 GD viable 3 -1.9401578669002915 -1.741664359000915 -2.2021251221811298 -1.3905035741351834 CG10305 RpS26 -1.81861273055438 1 0 1 0 1
109777 KK viable 2 -1.2987668175799165 -1.6908927473391844 -1.9062468146854776 -2.3160932168650796 CG17853 Or43b -1.8029998991174145 1 0 1 0 1
28396 GD lethal 2 -2.3296943882101604 -1.9556206373186136 -1.9420618472537767 -0.9841658179352958 CG5684 Pop2 -1.8028856726794615 1 0 1 0 1
103928 KK viable 2 -1.754241070015277 -0.535059798137307 -2.5769422929344183 -2.3315155553397533 CG7379 CG7379 -1.799439679106689 2 0 1 1 1
51438 GD viable 1 -1.214485311255003 -1.744426704653664 -1.8027437973905656 -2.31985350228054 CG4226 GluRIIC -1.7703773288949431 1 0 1 0 1
21865 GD viable 3 -2.046045866649356 -2.217794279455026 -1.098857544704311 -1.7130368295124565 CG4539 Bka -1.7689336300802874 2 0 1 1 1
104330 KK viable 2 -1.9400224156182917 -1.6586777575660163 -1.404517662686158 -2.0701460058464907 CG7622 RpL36 -1.768340960429239 1 0 1 0 1
101401 KK viable 2 -0.45293754713302375 -3.6621997379118443 -0.3198913082261374 -2.618975674887881 CG7339 CG7339 -1.7635010670397215 2 0 1 1 1
101722 KK viable 2 -1.7658009044440988 -2.4292943665519107 -1.0137226290997277 -1.8113672799774583 CG17147 CG17147 -1.7550462950182988 1 0 1 0 1
100428 KK viable 2 -2.0063071413362294 -0.6521994574786624 -1.8510457862291472 -2.4893985743705205 CG42588 CG42588 -1.7497377398536398 2 0 1 1 1
31701 GD sterile 3 -2.020632620034048 -0.49600790612732765 -1.944229483442442 -2.4888836914491015 CG12225 Spt6 -1.7374384252632298 2 0 1 1 1
103738 KK viable 2 -2.0837981402231267 -1.437092149260965 -1.3655130370438113 -2.0624177561625414 CG13849 Nop56 -1.737205270672611 2 0 1 1 1
103972 KK viable 2 -1.622997940982693 -2.4925665852319505 -1.119319122536953 -1.700735222112511 CG10192 eIF4G2 -1.733904717716027 1 0 1 0 1
108013 KK viable 2 -2.2465517124995107 -0.15166713869384196 -2.14775751217836 -2.3758183017515697 CG6413 Dis3 -1.7304486662808207 3 0 1 1 1
52486 GD viable 1 -1.63402587372329 -1.109012716846489 -1.7068029667535705 -2.466215372127451 CG33554 Nipped-A -1.7290142323627 1 0 1 0 1
27393 GD viable 3 -1.7546425074691014 -2.225048154823316 -1.1318917473369938 -1.8040287924441443 CG5330 Nap1 -1.7289028005183888 1 0 1 0 1
102916 KK viable 2 -1.467631784998635 -1.328614906652383 -1.9528723417608942 -2.1425311657252175 CG32039 CG32039 -1.7229125497842823 1 0 1 0 1
108083 KK viable 2 -1.780738177970902 -0.8964418020532697 -1.7949807272223186 -2.405835890610304 CG8190 eIF2B-gamma -1.7194991494641985 1 0 1 0 1
106672 KK viable 2 -3.2657461459979817 -2.6754053747798725 -0.07514633328376254 -0.8505381334044817 CG5354 pie -1.7167089968665246 2 0 1 1 1
107494 KK viable 2 -1.2518216838646592 -1.4122856425167922 -3.0635528525620996 -1.127394065124202 CG18764 CG18764 -1.7137635610169384 1 0 1 0 1
107477 KK viable 2 -1.6290044552853764 -0.7591143935785825 -2.162061958167991 -2.3047892444042994 CG8409 Su(var)205 -1.7137425128590624 2 0 1 1 1
107112 KK viable 2 -2.851271227405891 -2.6332212272073843 -0.920956203920987 -0.40123074958049076 CG12357 Cbp20 -1.7016698520286884 2 0 1 1 1
110170 KK viable 2 -1.8704224247770238 -1.889660114374863 -0.8143182571110028 -2.2267159320128482 CG8282 Snx6 -1.7002791820689345 1 0 1 0 1
108384 KK viable 2 -1.6914793272552129 -0.7410810488618486 -1.7949283832784293 -2.5653420977745665 CG9193 mus209 -1.6982077142925143 1 0 1 0 1
108375 KK viable 2 -0.415893974415458 -1.2165048816400532 -1.9684731158527191 -3.188126124350542 CG6120 Tsp96F -1.697249524064693 1 0 1 0 1
106102 KK viable 2 -1.76063137053064 -1.035148608867293 -2.4189725164035987 -1.5737219008597572 CG9548 CG9548 -1.6971185991653222 1 0 1 0 1
31661 GD viable 3 -1.5716834631634014 -0.513785570486175 -2.65041560781843 -2.0292988348062444 CG12151 Pdp -1.6912958690685627 2 0 1 1 1
31346 GD viable 3 -0.7732468369657556 -0.7629708205548686 -3.2222137488636666 -1.9964689565508709 CG10754 CG10754 -1.6887250907337905 1 0 1 0 1
108851 KK viable 2 -1.2304224730324447 -1.279102470456483 -2.2327166176386823 -2.011221843540018 CG5748 Hsf -1.688365851166907 2 0 1 1 1
110723 KK viable 2 -1.941556813094104 -1.646408025483485 -0.9901389853292938 -2.1740770149184745 CG10037 vvl -1.6880452097063394 1 0 1 0 1
106147 KK viable 2 -4.651964988846389 -5.184347375104318 1.2730332420003576 1.8315695965883332 CG17149 Su(var)3-3 -1.6829273813405041 2 0 1 1 1
103724 KK viable 2 -2.029617708265351 -1.6250340655641249 -1.9205555064227782 -1.1481057189509185 CG8831 Nup54 -1.6808282498007932 1 0 1 0 1
107385 KK viable 2 -1.5487679798517244 -1.5373994951840693 -1.5881846682916687 -2.0222706049016343 CG8781 tsu -1.6741556870572742 1 0 1 0 1
108821 KK sterile 2 -1.4055669849646786 -1.0229051726951421 -1.4612491020532303 -2.787469974638135 CG3997 RpL39 -1.6692978085877965 1 0 1 0 1
25793 GD lethal 3 -0.3187291019598893 -0.5888807871260556 -2.236829733486926 -3.5099666504292606 CG31671 tho2 -1.663601568250533 2 0 1 1 1
110429 KK viable 2 -1.8667705661407026 -0.4848570869910156 -2.3908149835228105 -1.9104941712577082 CG10042 MBD-R2 -1.6632342019780593 1 0 1 0 1
110356 KK viable 2 -1.6345000869298654 -0.8175726983849266 -2.3916600835436435 -1.795909774860599 CG8435 CG8435 -1.6599106609297587 1 0 1 0 1
110392 KK viable 2 -2.9413398522142544 -3.361406262633013 -0.32088202914438857 0.012485848133407834 CG10955 Rtf1 -1.652785573964562 2 0 1 1 1
108668 KK viable 2 -2.3141921713413773 -1.8812665309868257 -1.1746374736392935 -1.1627546059298643 CG18041 dgt1 -1.6332126954743402 1 0 1 0 1
104372 KK viable 2 -2.0043699754642925 -1.703753553458339 -0.9308844271301896 -1.8906608083820764 CG9888 Fib -1.6324171911087244 1 0 1 0 1
34254 GD viable 1 -1.2716899093707905 -1.8112898990184017 -0.888807913816796 -2.5447538912078276 CG6841 CG6841 -1.629135403353454 1 0 1 0 1
108797 KK viable 2 -1.2187223970865761 -1.3311237050619138 -2.2317446396701164 -1.7328863522401732 CG7145 P5CDh1 -1.628619273514695 1 0 1 0 1
107907 KK viable 2 -1.8068894306073797 -1.0467106556478365 -1.408651397871143 -2.2430240489326154 CG9160 mtacp1 -1.6263188832647437 1 0 1 0 1
107148 KK viable 2 -1.5792028042775483 -1.0280626176007428 -2.3986221173410844 -1.487347951722322 CG11139 p47 -1.6233088727354243 1 0 1 0 1
106688 KK viable 2 -1.726175643508406 -0.8375888834548217 -1.8632531299345054 -2.0533739500646773 CG5193 TfIIB -1.6200979017406025 1 0 1 0 1
110393 KK viable 2 -1.4958035479178093 -1.382073232058999 -1.3860075509737724 -2.213291537851409 CG6322 U4-U6-60K -1.6192939672004973 1 0 1 0 1
101663 KK viable 2 -1.4569156149530234 -0.6644630723937991 -1.7140589082505637 -2.6159611969604546 CG10712 Chro -1.6128496981394602 1 0 1 0 1
102171 KK viable 2 -1.8050014954747728 -0.5186041236735071 -2.0046171523392826 -2.1222961765418953 CG5338 RpS19b -1.6126297370073646 2 0 1 1 1
110727 KK viable 2 -1.927124166725702 -0.5481327381978794 -1.3876717137850516 -2.5826245025893977 CG12019 Cdc37 -1.6113882803245076 1 0 1 0 1
108292 KK viable 2 -1.6677537010245742 -1.2237222443952749 -1.2325024733676955 -2.3144858966248205 CG5823 CG5823 -1.6096160788530913 1 0 1 0 1
103146 KK viable 2 -1.7835028539887778 -0.7281385900417329 -1.8549385111571564 -2.03989152961728 CG12752 Nxt1 -1.6016178712012368 1 0 1 0 1
105149 KK viable 2 -0.6419712736475196 -0.5726323220388673 -2.6599728955254798 -2.4746209322173556 CG10565 CG10565 -1.5872993558573056 2 0 1 1 1
107326 KK viable 2 -3.0156584078221935 -3.4153401082392234 -0.03148997163646584 0.11699963072370581 CG3140 Adk2 -1.5863722142435441 2 0 1 1 1
105279 KK viable 2 -1.5927611037498743 -0.6804426022584515 -1.7953060408539745 -2.263225648192567 CG10944 RpS6 -1.5829338487637168 1 0 1 0 1
105992 KK viable 2 -1.9827214248764433 -0.989390091882989 -1.094436920831759 -2.2624115545307695 CG9177 eIF5 -1.5822399980304902 1 0 1 0 1
31342 GD viable 2 -1.522214512316669 -1.0305557041562268 -2.041078691505032 -1.72093786576083 CG10753 SmD1 -1.5786966934346895 1 0 1 0 1
109770 KK viable 2 -1.5682068527735264 -1.2241894980182109 -1.493029120956081 -2.015167848849072 CG7781 CG7781 -1.5751483301492226 1 0 1 0 1
108081 KK viable 2 -0.31450633918606197 0.36645438343516773 -5.068603878204338 -1.2610420238300042 CG11678 Actr13E -1.5694244644463091 1 0 1 0 1
107807 KK viable 2 -1.4322049949397455 -2.1813184014848277 -0.829805417804478 -1.830103691943364 CG3945 Rad9 -1.568358126543104 1 0 1 0 1
106130 KK viable 2 -1.746123165859996 -0.25921736875521423 -1.5982702408045257 -2.661526521663877 CG5363 cdc2 -1.5662843242709032 1 0 1 0 1
110673 KK viable 2 -2.4213348745096424 -2.0863031623577615 -0.9415574637628384 -0.8114124502002416 CG7035 Cbp80 -1.565151987707621 2 0 1 1 1
109447 KK viable 2 -1.5997837573834082 -0.35677024464015344 -1.5528186888935012 -2.72514904214805 CG3195 RpL12 -1.5586304332662781 1 0 1 0 1
105954 KK lethal 2 -1.7520541516894967 -1.0637918833459297 -2.2134657243130533 -1.1889951510452825 CG5215 Zn72D -1.5545767275984406 1 0 1 0 1
101010 KK viable 2 -2.0228467935271968 -0.8041810101162226 -3.2051497111128606 -0.17448415181625068 CG31510 CG31510 -1.5516654166431327 2 0 1 1 1
108673 KK viable 2 -1.6346953857943354 -2.0823988027723725 -0.6615855270166876 -1.8250542369153206 CG6454 CG6454 -1.550933488124679 1 0 1 0 1
103944 KK viable 2 -1.688354755093165 -2.0131226776824604 -0.5342493251804321 -1.9563683249006607 CG4071 Vps20 -1.5480237707141795 1 0 1 0 1
17035 GD viable 2 -1.740411730331934 -2.016467101604358 -1.1466852770039957 -1.2858504246430835 CG12149 c12.2 -1.5473536333958426 1 0 1 0 1
110281 KK viable 2 -1.8303379676134324 -0.3321969947592795 -1.2173345373906064 -2.806386662749614 CG5198 CG5198 -1.546564040628233 1 0 1 0 1
100694 KK viable 2 -1.1577922809027554 -1.594635583533173 -1.3929419712390683 -2.0287396157897666 CG8038 CG8038 -1.5435273628661907 1 0 1 0 1
103309 KK viable 2 -1.8584060720878213 -1.0698200940274607 -1.2054279924312052 -2.026489215628449 CG33217 CG33217 -1.540035843543734 1 0 1 0 1
105370 KK viable 2 0.6598245663093109 -1.4713919469758978 -4.009627739315648 -1.2730738019580679 CG3025 mof -1.5235672304850756 1 0 1 0 1
108841 KK viable 2 -1.2422329381577437 -1.0738292755008418 -1.3001062839738617 -2.4567608709065176 CG34438 Cap-G -1.5182323421347412 1 0 1 0 1
108378 KK viable 2 -1.247535830749834 -0.6769308800778646 -1.467768244484867 -2.659189921434639 CG3798 Nmda1 -1.5128562191868011 1 0 1 0 1
103631 KK viable 2 -1.5621735564387018 -1.485453957305858 -0.7445866388422978 -2.2484163761906903 CG9325 CG9325 -1.510157632194387 1 0 1 0 1
110728 KK viable 2 -2.1059959935898953 -0.874195296513513 -1.2488155320336316 -1.805714799145888 CG2863 Nle -1.5086804053207319 1 0 1 0 1
44343 GD viable 3 -1.4303906379595868 -0.9409389473699743 -2.6786524501453703 -0.9561666344578934 CG4817 Ssrp -1.5015371674832063 1 0 1 0 1
6308 GD viable 2 -2.8500868785732174 -1.7570821292757868 -1.348430331432143 -0.02484363260740081 CG2714 crm -1.495110742972137 1 0 0 0 1
101256 KK viable 2 0.08909479014169727 -0.22048438790909344 -3.3424919728976876 -2.501558240342566 CG4936 CG4936 -1.4938599527519125 2 0 0 1 1
108230 KK viable 2 -1.2947597437305427 -1.719723983237373 -0.6740805340137451 -2.2654155929184276 CG11307 CG11307 -1.4884949634750222 1 0 0 0 1
104923 KK viable 2 -0.8807261366242765 -1.1314140204937049 -1.768182622892357 -2.173107078467103 CG8066 CG8066 -1.4883574646193602 1 0 0 0 1
101555 KK viable 2 -2.8357951762823235 -2.482109958381233 -0.22154195654830514 -0.38623206591153386 CG10377 Hrb27C -1.481419789280849 2 0 0 1 1
103141 KK viable 2 -1.4901004208453155 -0.5301670150925836 -1.7362199272158536 -2.164512526928405 CG8882 Trip1 -1.4802499725205394 1 0 0 0 1
41023 GD viable 2 -2.1462796441452654 -2.3971286726027006 -1.7003386924002324 0.3283613864249809 CG8019 hay -1.4788464056808044 2 0 0 1 1
105488 KK viable 2 -1.728766438297603 0.016176630617364404 -1.5810689010701162 -2.6214579301611787 CG6764 RpL24-like -1.4787791597278834 1 0 0 0 1
105133 KK lethal 2 -1.7627042889583489 0.28100344390700643 -2.065691738005321 -2.35493878653608 CG10370 Tbp-1 -1.4755828423981858 2 0 0 1 1
103406 KK viable 2 -1.4910850155602409 -0.369657965751144 -2.051467535576276 -1.9705539181297904 CG10212 SMC2 -1.4706911087543628 1 0 0 0 1
104375 KK viable 2 -1.5485830256436655 -0.2742136165626586 -1.7351273249236885 -2.2960371660472045 CG11268 ste14 -1.4634902832943042 1 0 0 0 1
107951 KK sterile 2 -0.6410582451871298 0.33339250741143417 -3.2823129605194103 -2.2617803369960057 CG4621 YL-1 -1.462939758822778 2 0 0 1 1
37549 GD lethal 2 -1.1605422612114678 -1.487614510969119 -2.0560029073257438 -1.1351245279654676 CG6711 Taf2 -1.4598210518679495 1 0 0 0 1
21594 GD lethal 3 -1.1231783635868415 -0.5384530406877382 -1.4317551968062268 -2.7011559561118967 CG11098 Tango1 -1.4486356392981758 1 0 0 0 1
105499 KK viable 2 -0.9555545149477305 -0.08619347496131681 -2.469038094630144 -2.266351506211099 CG3689 CG3689 -1.4442843976875726 2 0 0 1 1
44675 GD viable 3 -1.3923751941913685 -1.2178614707999547 -2.32058173229719 -0.8410321561339987 CG9484 hyd -1.442962638355628 1 0 0 0 1
110240 KK viable 2 -1.1047645564312 -1.44253970593826 -0.9804061370956433 -2.2116542493892246 CG6607 CG6607 -1.434841162213582 1 0 0 0 1
110174 KK viable 2 -0.2821974248419338 -0.44523596126207376 -3.371979036334426 -1.637113809695493 CG2980 thoc5 -1.4341315580334817 1 0 0 0 1
110373 KK viable 2 -1.300132959452528 -0.22689357618281722 -2.4425663393381742 -1.7610777377107372 CG12787 hoe1 -1.432667653171064 1 0 0 0 1
103388 KK viable 2 -2.6827428617369264 -2.963942904206541 -0.298957053347206 0.21952811470226172 CG13410 mRpL35 -1.4315286761471029 2 0 0 1 1
110711 KK viable 2 -2.055544965499996 -0.6152632649099186 -1.5105060284113125 -1.5433148330821829 CG3983 ns1 -1.4311572729758526 1 0 0 0 1
110690 KK viable 2 -1.523454419397212 -2.095308633351858 -0.2781343492873046 -1.799924957697721 CG17446 CG17446 -1.4242055899335238 1 0 0 0 1
18676 GD viable 3 -1.3131254452036094 -0.46812284994225184 -2.5443700137873884 -1.3698644394250843 CG1100 Rpn5 -1.4238706870895834 1 0 0 0 1
109138 KK viable 2 -2.011612258932988 -0.08509869950007592 -1.3656062958709518 -2.218571212659615 CG9354 RpL34b -1.4202221167409077 2 0 0 1 1
105950 KK viable 2 -1.4645849480315314 -0.689158676196059 0.19464893437910102 -3.718855816352723 CG10084 swm -1.4194876265503031 1 0 0 0 1
109627 KK viable 2 -1.9391789771372985 -0.17796129380086775 -1.300412376632582 -2.2545071320963936 CG4062 Aats-val -1.4180149449167854 1 0 0 0 1
110091 KK viable 2 -2.121202967637458 -0.3292309309086129 -1.2907125210693353 -1.928458092307431 CG2807 CG2807 -1.4174011279807093 1 0 0 0 1
100034 KK viable 2 -2.265876446065906 -2.099389171116403 0.2581843350306345 -1.5491228176019578 CG5304 l(2)01810 -1.4140510249384082 2 0 0 1 1
20144 GD viable 2 -1.0510704407995841 -1.1135999145604116 -2.016421154904577 -1.465169728942681 CG12085 pUf68 -1.4115653098018135 1 0 0 0 1
104502 KK viable 2 -1.4471433961746372 -0.2292215964481741 -2.495160418639959 -1.4637558659309235 CG8280 Ef1alpha48D -1.4088203192984234 1 0 0 0 1
104405 KK viable 2 -1.7055592062016134 -0.9094991495090687 -2.2334244266059273 -0.7677624838406237 CG3948 zetaCOP -1.4040613165393083 1 0 0 0 1
100283 KK viable 2 -1.2173429899806663 -0.8417532866818882 -2.2580046803287166 -1.2921767807371847 CG5784 Mapmodulin -1.402319434432114 1 0 0 0 1
108582 KK viable 2 -1.718452152500486 -0.14353140849851873 -1.6304295018099006 -2.0870224127230057 CG42641 Rpn3 -1.3948588688829777 1 0 0 0 1
110102 KK sterile 2 -0.8643696123193013 -0.6506704539326092 -2.153549278590711 -1.892199204420463 CG10279 Rm62 -1.390197137315771 1 0 0 0 1
101521 KK viable 2 -1.9865413243648846 -0.11170349743881915 -1.42700977754063 -2.026489215628449 CG7238 sip1 -1.3879359537431957 1 0 0 0 1
106136 KK viable 2 -1.6051836195239941 -0.0838210010077391 -2.2326279870056056 -1.6254714167492508 CG4579 Nup154 -1.3867760060716474 1 0 0 0 1
100561 KK viable 2 -1.6088163969795564 -0.05951827218277556 -1.654472530798777 -2.1789116581372645 CG11981 Prosbeta3 -1.3754297145245933 1 0 0 0 1
6872 GD viable 3 -1.191602175892859 -1.2761157935680396 -0.6762435072407883 -2.3284357327617915 CG2003 CG2003 -1.3680993023658696 1 0 0 0 1
102016 KK viable 2 -2.464283957921043 0.008146747984484849 -1.9357958054422597 -1.0720108255375471 CG1519 Prosalpha7 -1.3659859602290911 1 0 0 0 1
110514 KK viable 2 -0.9721034927283808 -0.6441691185879879 -1.5526958438971283 -2.2864623269465616 CG12131 Adam -1.3638576955400146 1 0 0 0 1
103559 KK viable 2 -2.032385715330264 -0.16506267170813313 -1.7524247873950995 -1.4895264276171019 CG9677 Int6 -1.3598499005126496 1 0 0 0 1
33112 GD viable 3 -1.3410394584993612 -0.47191171694237666 -1.4401177795189466 -2.179568812607112 CG31136 Syx1A -1.3581594418919491 1 0 0 0 1
29501 GD viable 3 -1.5156145859376615 -1.090176290021371 -2.3738196109068745 -0.4411997770568494 CG17801 CG17801 -1.355202565980689 1 0 0 0 1
108845 KK viable 2 -0.7153704317664197 0.3945329337334546 -2.418702974355938 -2.6539309585129813 CG12743 otu -1.348367857725471 2 0 0 1 1
104322 KK viable 2 -0.40557902756145303 -0.4109499462195627 -3.6118995536567806 -0.9225885389755606 CG15532 hdc -1.3377542666033393 1 0 0 0 1
105978 KK viable 2 -0.9941461716843242 -0.7470478824874744 -1.552839819609462 -2.0561236288483737 CG9854 hrg -1.3375393756574085 1 0 0 0 1
108259 KK viable 2 -1.6163437102225624 -0.6608931708178343 -0.9734206816858746 -2.046288038044835 CG10603 mRpL13 -1.3242364001927767 1 0 0 0 1
107653 KK viable 2 -2.435996187512259 0.08189032519701292 -1.4208631779058656 -1.5138379310115244 CG5706 CG5706 -1.322201742808159 1 0 0 0 1
110179 KK viable 2 -1.6074871276052978 -0.023477674930838764 -1.4487793536242852 -2.192254890563231 CG9305 CG9305 -1.3179997616809132 1 0 0 0 1
8269 GD viable 3 -0.9313550773723877 -0.6748999967520368 -2.0180999587062574 -1.6408081890485493 CG5123 W -1.3162908054698077 1 0 0 0 1
108633 KK viable 2 -1.2038809775125054 -0.41684818023442505 -1.5491456575781561 -2.0613897462980755 CG11596 CG11596 -1.3078161404057904 1 0 0 0 1
37329 GD viable 3 -1.8013879477164627 -2.102756737552866 -0.056939692420841355 -1.2461569833421522 CG31522 CG31522 -1.3018103402580805 1 0 0 0 1
102783 KK viable 2 -1.1700939231863239 -2.0738621499557595 -0.04240985694669968 -1.919101648781411 CG42701 Cng -1.3013668947175485 1 0 0 0 1
101498 KK viable 2 -2.1822753422796324 0.3545634151648255 -1.6186777112276105 -1.7304089974237546 CG6066 CG6066 -1.294199658941543 1 0 0 0 1
105264 KK viable 2 -1.1596541992788838 -0.729107467959483 -1.1903203542871363 -2.0591838338627184 CG7957 MED17 -1.2845664638470553 1 0 0 0 1
39808 GD viable 3 -0.8749352094434479 -0.8997008282249445 -2.665893703848754 -0.6973197016266885 CG32604 l(1)G0007 -1.2844623607859587 1 0 0 0 1
101549 KK viable 2 -0.9883802897223174 -0.19900982773179088 -2.4063273338871967 -1.539731211843685 CG13608 mRpS24 -1.2833621657962475 1 0 0 0 1
106153 KK viable 2 -0.46937668728680293 -0.7573430531580443 -2.0609221308910297 -1.8421972295120026 CG2914 Ets21C -1.28245977521197 1 0 0 0 1
105625 KK viable 2 -1.4542864561210134 -0.04103451552236412 -1.5904685057051082 -2.0354207935752298 CG13185 CG13185 -1.2803025677309288 1 0 0 0 1
105152 KK viable 2 -1.3716407831888302 -2.05787536957485 -0.2875763871716335 -1.3794331072451322 CG15148 btv -1.2741314117951115 1 0 0 0 1
107368 KK viable 2 -1.5673893745320253 0.0072383832372969244 -2.091012764345088 -1.3943955823246794 CG11416 uri -1.261389834491124 1 0 0 0 1
106368 KK sterile 2 -2.075722393537551 -1.482009961491012 -0.944498126211926 -0.5374337386884367 CG14306 CG14306 -1.2599160549822315 1 0 0 0 1
104805 KK sterile 2 -1.0222124970314443 -0.3766081492372873 -2.0709878468107075 -1.5490050099306172 CG17202 CG17202 -1.2547033757525141 1 0 0 0 1
101656 KK viable 2 -1.760191232789674 1.0394930207826585 -1.9322789498791126 -2.351649524636243 CG18124 mTTF -1.2511566716305929 1 0 0 0 1
110333 KK viable 2 -1.5131707138309756 -0.7169615726811468 -2.153796125478024 -0.5880148494508168 CG12792 l(2)09851 -1.2429858153602407 1 0 0 0 1
21049 GD viable 3 -1.4091276889527728 -0.43630510023970626 -2.2025575442910097 -0.9231644678424267 CG7728 CG7728 -1.2427887003314788 1 0 0 0 1
105838 KK viable 2 -1.137333905907351 -0.5798226770023865 -1.1502525311077987 -2.1019853515997227 CG4236 Caf1 -1.2423486164043147 1 0 0 0 1
30140 GD viable 3 -1.457163200244154 0.20124663200831436 -2.2326067705229433 -1.4559824498055038 CG6249 Csl4 -1.2361264471410718 1 0 0 0 1
109815 KK viable 2 -0.27863434568885576 0.586219596711221 -4.462667956509634 -0.7622639074513703 CG1406 U2A -1.2293366532346597 1 0 0 0 1
110214 KK viable 2 -1.342848947751078 0.050465284118912136 -1.4102941159551015 -2.195463725278501 CG1973 yata -1.2245353762164422 1 0 0 0 1
107923 KK viable 2 -1.4910302003803937 -1.0467106556478365 -2.04684815637014 -0.2927267025499627 CG8637 trc -1.2193289287370832 1 0 0 0 1
107827 KK viable 2 -1.4381193011188413 0.6795526130330494 -1.5230364186940968 -2.5498913556891534 CG32708 CG32708 -1.2078736156172605 1 0 0 0 1
102885 KK viable 2 0.21452457537680583 0.31051502323929997 -3.0518869193255673 -2.303098739163646 CG15319 nej -1.207486514968277 2 0 0 1 1
110321 KK viable 2 -1.4784855102885748 -0.1004316495783853 -2.5460288364374226 -0.6883589927499043 CG10480 Bj1 -1.2033262472635717 1 0 0 0 1
100270 KK viable 2 -0.8464720169182273 -1.0782713074239885 -0.7332065072983708 -2.1490057587496585 CG8801 CG8801 -1.2017388975975614 1 0 0 0 1
108840 KK viable 2 -1.3884331612238607 0.4290433738236974 -1.3929665133205373 -2.4353266437435432 CG14788 ns3 -1.196920736116061 1 0 0 0 1
30129 GD viable 3 -1.2350364495282378 0.43765403481823667 -1.8092359707831847 -2.180095621634456 CG6171 CG6171 -1.1966785017819104 1 0 0 0 1
106497 KK viable 2 -0.7285819978407324 -0.7655139188399711 -2.704954480785735 -0.58754809197124 CG11486 CG11486 -1.1966496223594196 1 0 0 0 1
108248 KK viable 2 -1.264401349558519 0.1656894678914944 -1.6586454009868568 -2.02714321199243 CG13900 CG13900 -1.1961251236615777 1 0 0 0 1
8609 GD viable 2 -1.0111812458941591 -0.6027629235771986 -1.1510421370267487 -2.0155091463251074 CG9338 CG9338 -1.1951238632058034 1 0 0 0 1
105739 KK viable 2 -0.4932458005847365 -0.4414159211962573 -3.169616997586114 -0.67199379628843 CG3291 pcm -1.1940681289138846 1 0 0 0 1
110215 KK viable 2 -2.136081502605494 0.3786642931153467 -0.8193271121614901 -2.1910074204093704 CG13281 Cas -1.191937935515252 2 0 0 1 1
110324 KK viable 2 -2.508484657960058 -2.6297660720923166 0.5379992744104559 -0.16041825943562416 CG1490 Usp7 -1.1901674287693857 2 0 0 1 1
15580 GD lethal 3 -0.9303673109952583 -0.335277939549374 -1.1162739493509706 -2.376833447608699 CG3246 CG3246 -1.1896881618760755 1 0 0 0 1
107317 KK viable 2 -1.4673181874891488 -2.0914545805427935 0.29507926951776814 -1.4624599908347478 CG4428 Atg4 -1.1815383723372306 1 0 0 0 1
19153 GD viable 2 -0.885240020211098 -0.6474835039513364 -2.055846883980901 -1.1288690665152605 CG1575 CG1575 -1.179359868664649 1 0 0 0 1
100452 KK viable 2 -2.1311776659771446 -1.7888193966093182 -0.6558046999571422 -0.13958550077883405 CG11839 CG11839 -1.1788468158306098 1 0 0 0 1
24354 GD viable 2 -0.9903634462789236 -0.15615132613429097 -2.079300132338616 -1.47637056969323 CG2331 TER94 -1.1755463686112653 1 0 0 0 1
105605 KK viable 2 -1.483332939574443 -0.2330834674918739 -0.931651268022905 -2.033958554169835 CG6501 ns2 -1.1705065573147642 1 0 0 0 1
34290 GD viable 2 -0.2975620631551394 -1.2563776238061404 -0.9540944492918366 -2.1656643599919305 CG3730 csul -1.1684246240612617 1 0 0 0 1
26544 GD viable 3 -1.537916900807586 1.1597831922683133 -2.0742232363735797 -2.216965838925758 CG4510 Surf6 -1.1673306959596526 2 0 0 1 1
103632 KK viable 2 -2.3093155501596763 1.298373636627423 -2.3942078589733082 -1.2260787492220486 CG12141 Aats-lys -1.1578071304319026 2 0 0 1 1
104184 KK viable 2 0.2679644597306546 0.8980912109361113 -4.2355569958138934 -1.5489887619083387 CG17143 thoc7 -1.1546225217638666 1 0 0 0 1
101358 KK viable 2 -1.3251910426740778 -1.4574248364558122 0.17429542546629723 -2.007478721233602 CG1044 dos -1.1539497937242986 1 0 0 0 1
21784 GD viable 3 -1.4706667397792055 -0.3509831906009083 -2.0883581057289473 -0.7000576920218333 CG4076 Nufip -1.1525164320327237 1 0 0 0 1
110759 KK viable 2 -0.7197687070687402 -0.1294335575145077 -1.5343463504569272 -2.1428976768167463 CG6743 Nup107 -1.1316115729642304 1 0 0 0 1
105101 KK viable 2 -0.8569507703208981 -0.018971155541019052 -1.4199453591758022 -2.2168868328513107 CG1512 Cul-2 -1.1281885294722576 1 0 0 0 1
109305 KK viable 2 -1.6986547191860737 0.6395186035340963 -1.1729280415520558 -2.2676131995221116 CG8114 pbl -1.1249193391815362 1 0 0 0 1
107516 KK viable 2 -1.4026692834403311 0.09501674641968011 -1.0989804583548215 -2.035502178910788 CG6874 HipHop -1.1105337935715651 1 0 0 0 1
101826 KK viable 2 -0.7411848966807266 -0.5198794355353781 -0.9964803905407975 -2.1298862833978367 CG12971 CG12971 -1.0968577515386848 1 0 0 0 1
110108 KK viable 2 -0.34692578260489754 -0.6858835033365479 -2.1425712861411776 -1.1705352860454132 CG1740 Ntf-2 -1.086478964532009 1 0 0 0 1
16453 GD viable 2 -1.587697415749647 -2.3674587549769845 0.4708923986806711 -0.8483720432325543 CG4998 CG4998 -1.0831589538196287 1 0 0 0 1
107470 KK viable 2 -0.40958020108380666 -1.5747333744973402 -0.18235764082594522 -2.147441382918869 CG30076 CG30076 -1.0785281498314903 1 0 0 0 1
108214 KK viable 2 -0.9313398782161132 -0.07164325458256243 -0.9542653291892456 -2.354044341547166 CG4206 Mcm3 -1.0778232008837718 1 0 0 0 1
102495 KK viable 2 -0.43292009036748585 0.161790111980837 -2.7430215417140347 -1.2922024811982753 CG42233 CG42233 -1.0765885003247397 1 0 0 0 1
7681 GD sterile 2 -1.17425400954683 -0.5340534470475198 -0.41483752005526636 -2.102223742566599 CG31705 CG31705 -1.0563421798040538 1 0 0 0 1
100718 KK viable 2 -2.2322249871735425 -2.1871678565620094 -0.40978105550613575 0.6183415728148143 CG6677 ash2 -1.0527080816067182 2 0 0 1 1
27680 GD viable 2 -0.5886657926603283 -0.3106344465878911 -2.320299256456152 -0.9739835096003164 CG6603 Hsc70Cb -1.048395751326172 1 0 0 0 1
110758 KK viable 2 -0.9241743217649978 -0.02881790402676454 -2.1329744520973244 -1.075871439557554 CG31957 CG31957 -1.04045952936166 1 0 0 0 1
106250 KK viable 2 -0.5601247706245848 0.12469981794806705 -2.797026018872244 -0.9259332407689692 CG4933 CG4933 -1.0395960530794328 1 0 0 0 1
101471 KK viable 2 -1.0940120449071578 -0.8099216589421679 -0.050590272111307906 -2.187912908906014 CG30476 ave -1.0356092212166619 1 0 0 0 1
108900 KK viable 2 -2.709338379724949 -2.833710276205472 -0.31326702209227675 1.7143812990417593 CG5637 nos -1.0354835947452345 2 0 0 1 1
104562 KK viable 2 -2.040130847631934 -0.44264424298080435 -0.935315498538531 -0.7224078870599179 CG9946 eIF-2alpha -1.0351246190527967 1 0 0 0 1
47248 GD viable 3 -2.0603467083209503 -2.106411592573235 -0.13728410088229268 0.1663801911243563 CG42265 CG42265 -1.0344155526630303 2 0 0 1 1
100587 KK viable 2 -0.7723588201023258 -0.5140723536239321 -0.666983866368693 -2.172215737962358 CG1007 emc -1.0314076945143271 1 0 0 0 1
106838 KK viable 2 -1.100059330525151 0.47205218889042444 -1.3326898642427893 -2.1619157280106274 CG11246 Rpb8 -1.0306531834720358 1 0 0 0 1
103622 KK viable 2 -2.300077322429599 -2.3495866462340147 0.7895703398521963 -0.25895912158896417 CG31852 Tap42 -1.0297631876000954 2 0 0 1 1
107723 KK viable 2 -1.0095792348428285 0.38122835556961404 -1.3091411973861278 -2.1811775084013942 CG9998 U2af50 -1.029667396265184 1 0 0 0 1
107815 KK viable 2 -3.1155006337466022 0.22612706272756042 -1.5931903059058927 0.3656911697960426 CG16983 skpA -1.029218176782223 1 0 0 0 1
35343 GD viable 2 -1.0993404898779833 0.47869760946961476 -2.3013182004247703 -1.188400911317142 CG8108 CG8108 -1.0275904980375703 1 0 0 0 1
107072 KK viable 2 -0.6133686046180494 0.08262323662515679 -1.0847912803011066 -2.4568018979532567 CG6502 E(z) -1.018084636561814 1 0 0 0 1
108730 KK viable 2 -1.6901194479217334 1.61938137159811 -2.0956709319026814 -1.8943049510038905 CG2960 RpL40 -1.0151784898075489 1 0 0 0 1
102306 KK viable 2 -1.1785981247270874 -0.12233418698151705 -0.6946413713761488 -2.0624186030976555 CG9273 RPA2 -1.0144980715456022 1 0 0 0 1
109928 KK viable 2 -0.3770856084229523 -0.1119209699294526 -2.9431425479972835 -0.6225645417399197 CG32132 CG32132 -1.013678417022402 1 0 0 0 1
110264 KK viable 2 -0.8768304185436064 -2.038216417558472 -0.2693378711238349 -0.7604899706239459 CG42803 gpp -0.9862186694624648 1 0 0 0 1
49822 GD viable 3 -2.943097220495515 -3.545133714701342 0.7909469351022241 1.7693690346045574 CG9958 snapin -0.9819787413725188 2 0 0 1 1
105181 KK viable 2 -2.2900732537426842 -2.512152299325684 0.3555615750238469 0.5599621298123171 CG7398 Trn -0.9716754620580511 2 0 0 1 1
110724 KK viable 2 -1.3269178733918843 0.7576847117104236 -1.2203947458718842 -2.072062143873907 CG3284 RpII15 -0.9654225128568129 1 0 0 0 1
28140 GD lethal 3 -0.8395498454866099 -0.03639562197892717 -2.1916393149151814 -0.7691573766970715 CG9805 eIF3-S10 -0.9591855397694475 1 0 0 0 1
107719 KK viable 2 -1.0017224332011916 -2.380118340642223 1.4021421846991131 -1.7933832432953518 CG6845 CG6845 -0.9432704581099133 1 0 0 0 1
108952 KK viable 2 -0.9703265470821498 -0.166269973497402 -0.4905751996021881 -2.138435406353562 CG3171 Tre1 -0.9414017816338255 1 0 0 0 1
108573 KK viable 2 -1.2133401830978057 0.8014325694290303 -0.8874592252188075 -2.4518944871453208 CG3416 Mov34 -0.9378153315082259 1 0 0 0 1
17000 GD viable 2 -1.306824398916821 0.2772839683365214 -2.058197295398093 -0.6245130136505704 CG10805 l(2)k09022 -0.9280626849072408 1 0 0 0 1
100078 KK viable 2 -0.27397034831859557 -2.793312797233792 -0.61531733293929 -2.588995479102922e-4 CG5490 Tl -0.920714844509897 1 0 0 0 1
105354 KK viable 2 0.18482009465670002 0.3996022956692946 -2.7595661499780086 -1.450774233925951 CG2925 noi -0.9064794983944913 1 0 0 0 1
101442 KK viable 2 -2.2540831645480894 0.06633281064648822 -1.447813648690488 0.04848020079582034 CG5242 mRpL40 -0.8967709504490672 1 0 0 0 1
103581 KK viable 2 -0.4811546036230057 -0.7409734792499396 -2.082792091100012 -0.2708363029466038 CG31992 gw -0.8939391192298902 1 0 0 0 1
25909 GD viable 3 0.37107675244001387 0.15443601311058897 -2.4852815760865568 -1.6143645824334683 CG31917 CG31917 -0.8935333482423555 1 0 0 0 1
2713 GD viable 3 -0.4934782969235261 0.24194831280286108 -1.2175581616450017 -2.086382688543366 CG30156 CG30156 -0.8888677085772582 1 0 0 0 1
47391 GD viable 2 -0.5828098198939909 0.18839647916729302 -2.106073977186837 -1.017139896512182 CG10414 Atac2 -0.8794068036064293 1 0 0 0 1
109430 KK viable 2 0.05652311238707792 -0.2074090546156165 -2.553971688187347 -0.7723741619456163 CG16784 pr -0.8693079480903755 1 0 0 0 1
101057 KK viable 2 -2.893609773247884 -0.4981095627200815 1.2262186499743661 -1.2915203947466216 CG32152 CG32152 -0.8642552701850552 1 0 0 0 1
108871 KK viable 2 0.08642643371558717 0.1432929671095716 -3.1977491407572307 -0.45605172781033 CG7351 PCID2 -0.8560203669356005 1 0 0 0 1
29337 GD viable 2 -0.4523563005590426 0.18705985240944145 -2.059658285637601 -1.0923938455790434 CG9938 Ndc80 -0.8543371448415613 1 0 0 0 1
100050 KK viable 2 0.346470568112025 -3.033001742610225 0.8611804521778711 -1.580517015100618 CG4827 veil -0.8514669343552367 1 0 0 0 1
108097 KK viable 2 -0.5044432497516175 0.3791644395923886 -1.0917068488293662 -2.1733375336763636 CG16908 CG16908 -0.8475807981662397 1 0 0 0 1
106121 KK viable 2 -0.5605728643277449 0.32309857216639953 -1.0783830653465003 -2.069495033141234 CG7441 CG7441 -0.84633809766227 1 0 0 0 1
100529 KK viable 2 -2.7290011643615526 -1.5843609794724565 -0.21617271548613126 1.1792619593546585 CG18468 Lhr -0.8375682249913705 1 0 0 0 1
30643 GD viable 3 -0.23542497618916206 0.19538843640318798 -3.5042732959169083 0.23516222583068497 CG33169 CG33169 -0.8272869024680494 1 0 0 0 1
100817 KK viable 2 -2.107055342515765 -2.061682640918886 -0.37444050992344957 1.2609049731748037 CG4429 Rbp2 -0.8205683800458243 2 0 0 1 1
108090 KK viable 2 -0.3241748580795666 -0.08646695998670552 -2.714616078211104 -0.042069178495881925 CG31855 CG31855 -0.7918317686933145 1 0 0 0 1
100827 KK viable 2 -2.134630962787285 -1.3902137512616095 -0.5880600388476915 0.9839604017421584 CG32554 CG32554 -0.782236087788607 1 0 0 0 1
101309 KK sterile 2 -1.1101408121932224 -0.41546570022696433 -2.563255470045724 0.9601888391679098 CG5041 Tfb4 -0.7821682858245003 1 0 0 0 1
100564 KK viable 2 -0.9362133429308321 -0.1289719875098853 -3.0425202663197286 0.9857076300350729 CG2158 Nup50 -0.7804994916813432 1 0 0 0 1
109441 KK viable 2 -0.28844759092481664 0.7200003898000361 -1.4447785930729595 -2.0736770475001225 CG12237 CG12237 -0.7717257104244657 1 0 0 0 1
104781 KK viable 2 -1.0265131376976406 1.2938937182094599 -1.1551426704161307 -2.1146551008033505 CG15697 RpS30 -0.7506042976769155 1 0 0 0 1
106701 KK viable 2 0.1986143573949164 -0.19998738365110258 -2.038433465482802 -0.8090198285597915 CG4013 Smr -0.712206580074695 1 0 0 0 1
107267 KK viable 2 -0.7030243922997386 -0.505677121681562 -2.021881825708335 0.4219343349288759 CG5642 CG5642 -0.7021622511901899 1 0 0 0 1
110208 KK viable 2 -0.4552455456769943 -0.329764528983951 -2.0827414197533525 0.09506263755332577 CG6815 bor -0.693172214215243 1 0 0 0 1
104475 KK viable 2 -0.4177712843691951 -2.2642013653031117 0.24045627435980405 -0.3236562911237631 CG17146 Adk1 -0.6912931666090665 1 0 0 0 1
108546 KK viable 2 -2.2278596261001953 -0.8440113487922563 -0.2212563750274525 0.5320100375094925 CG42574 CG42574 -0.6902793281026028 1 0 0 0 1
100902 KK lethal 2 0.32041700180224025 1.3194757658043976 -3.6021196024608955 -0.7431573015100336 CG2678 CG2678 -0.6763460340910727 1 0 0 0 1
29113 GD viable 1 0.8179393292681627 0.16279914272028612 -1.1233203509418446 -2.5548030792660423 CG9412 rin -0.6743462395548595 1 0 0 0 1
100686 KK viable 2 0.648490349917799 0.7707214851943919 -1.5151404420368644 -2.4380613469536585 CG5970 cbc -0.633497488469583 1 0 0 0 1
100936 KK viable 2 -0.28059629211115544 0.06343916996177204 -2.411370302911985 0.14475346325538221 CG12945 CG12945 -0.6209434904514965 1 0 0 0 1
46646 GD viable 2 -2.1757703276870144 -1.438066524220738 0.22688954856196458 0.9287803006438661 CG42687 CoRest -0.6145417506754804 1 0 0 0 1
106947 KK viable 2 0.042889281116302 0.020064650293140456 -2.3292546958125504 -0.17251668945358475 CG1695 CG1695 -0.6097043634641732 1 0 0 0 1
100307 KK viable 2 0.1549016423510572 0.6915360893693869 -2.2694111447210337 -0.9116798808713051 CG7946 CG7946 -0.5836633234679737 1 0 0 0 1
105991 KK viable 2 0.3489181874504238 0.42060094459999575 -2.9280485159425624 -0.13649987597054428 CG10306 CG10306 -0.5737573149656718 1 0 0 0 1
21293 GD viable 1 0.7315698475665993 -1.7891127248445533 1.1066042607713948 -2.2767989437571337 CG31048 CG31048 -0.5569343900659232 1 0 0 0 1
104421 KK viable 2 -0.272142421501823 0.5320981720184084 -2.140588222098829 -0.3271957054089911 CG10693 slo -0.5519570442478087 1 0 0 0 1
101196 KK viable 2 -0.004485909868931852 -0.28021052146878195 0.25096734541358 -2.149286959414336 CG5726 CG5726 -0.5457540113346174 1 0 0 0 1
33514 GD viable 2 -0.42666134085768864 0.8063598668959037 -2.093671889853903 -0.3332307753539639 CG2263 CG2263 -0.511801034792413 1 0 0 0 1
52066 GD viable 1 -6.194159798730202e-4 0.6717090715756197 -0.6439899688161247 -2.014771810757708 CG5630 CG5630 -0.49691803099452153 1 0 0 0 1
107199 KK viable 2 -0.25189014333606374 1.0926965918540585 -2.030053504830692 -0.7570832135934522 CG9850 CG9850 -0.4865825674765374 1 0 0 0 1
106484 KK viable 2 0.9753864966374882 0.6881208084944884 -1.4487157662375512 -2.1231129967274573 CG15112 ena -0.47708036445825797 1 0 0 0 1
102520 KK viable 2 -2.3079217563729975 0.4544045657005203 -0.9565408070660159 0.908794798538853 CG42320 Doa -0.47531579979991 1 0 0 0 1
101479 KK viable 2 0.7168282206990447 -0.6032811980741891 0.24657635609595907 -2.099903180160241 CG42316 RhoGAP102A -0.43494495035985653 1 0 0 0 1
104676 KK viable 2 -2.004062870161997 2.120824088418604 -1.1277727638815747 -0.6792067087834402 CG3751 RpS24 -0.422554563602102 1 0 0 0 1
104581 KK viable 2 -0.0033233365031515184 -0.14275185801151308 -2.0362859590936773 0.5709748602552843 CG3034 MED22 -0.4028465733382644 1 0 0 0 1
102791 KK viable 2 -2.57006343134035 -0.4022024159900545 0.33809618359008503 1.0837846433217568 CG14036 CG14036 -0.38759625510464063 1 0 0 0 1
49776 GD viable 3 -0.17384476902988544 -2.2662217530321405 0.6642604085417301 0.3825390224933854 CG33694 cana -0.3483167727567276 1 0 0 0 1
101390 KK viable 2 -2.4165709623644123 -0.7801513979070612 0.5332475965997874 1.3732881635758007 CG13567 CG13567 -0.3225466500239713 1 0 0 0 1
102925 KK viable 2 0.38600153717130053 -2.350361608209016 0.3560052144507766 0.3329393642158932 CG15922 CG15922 -0.3188538730927614 1 0 0 0 1
100723 KK viable 2 -2.8450772079928446 -2.032843696810956 0.7256539524587775 2.877342957600526 CG4211 nonA -0.3187309986861242 2 0 0 1 1
107031 KK viable 2 -0.5748104061987204 1.8118149947370366 -2.1130608461578793 -0.16794400328304526 CG14637 abs -0.2610000652256521 1 0 0 0 1
102175 KK viable 2 0.2762223749857358 0.3970493504600368 -2.0487229156543947 0.44731083999524307 CG10788 ng3 -0.23203508755334473 1 0 0 0 1
107158 KK viable 2 -0.02401852124681508 0.7926184834764137 -2.016168798037594 0.4582726808533469 CG5169 GckIII -0.19732403873866217 1 0 0 0 1
50141 GD viable 2 1.4799669481166557 0.5963741455347731 -0.5045860177361576 -2.240075214830738 CG10728 vls -0.16708003472886673 1 0 0 0 1
101698 KK viable 2 0.3310876695832688 0.7034686587955614 -2.0540043554884675 0.3995293319992753 CG15877 CG15877 -0.15497967377759048 1 0 0 0 1
22637 GD viable 3 0.22321575336873317 -2.2111718319058515 0.6341613589380047 0.8433267456357192 CG7956 CG7956 -0.1276169934908486 1 0 0 0 1
104189 KK viable 2 0.6975550733983295 0.629501125279207 -2.4173864765467763 0.7510953643438627 CG5110 CG5110 -0.08480872838134429 1 0 0 0 1
29709 GD viable 3 0.9162410159339422 -2.163024283296599 -0.35104692455592995 1.5306179244051126 CG14483 CG14483 -0.016803066878368564 1 0 0 0 1
110348 KK viable 2 0.32548727717349174 0.6832313360403032 -2.1692549431058343 1.1759696455673627 CG31368 CG31368 0.003858328918830825 1 0 0 0 1
106066 KK viable 2 0.32183970874817625 0.770558921149382 -2.751645480832869 1.7037957712230738 CG10798 dm 0.011137230071940757 1 0 0 0 1
